5,1,E-0005,0
5,2,E-0009,0
5,3,E-0011,0
5,4,E-0013,0
5,5,E-0017,0
5,6,E-0025,0
5,7,E-0027,0
5,8,E-0032,0
5,9,E-0043,0
5,10,E-0051,0
5,11,E-0073,0
5,12,E-0076,0
5,13,E-0079,0
5,14,E-0095,0
5,15,E-0096,0
5,16,E-0103,0
5,17,E-0106,0
5,18,E-0107,0
5,19,E-0108,0
5,20,E-0115,0
5,21,E-0116,0
5,22,E-0117,0
5,23,E-0123,0
5,24,E-0124,0
5,25,E-0125,0
5,26,E-0128,0
5,27,E-0144,0
5,28,E-0145,0
5,29,E-0149,0
5,30,E-0150,0
5,31,E-0151,0
5,32,E-0153,0
5,33,E-0154,0
5,34,J-0002,0
5,35,J-0003,0
5,36,J-0005,0
5,37,J-0007,0
5,38,J-0008,0
5,39,J-0009,0
5,40,J-0011,0
5,41,J-0012,0
5,42,J-0013,0
5,43,J-0014,0
5,44,J-0016,0
5,45,J-0017,0
5,46,J-0018,0
5,47,J-0019,0
5,48,J-0021,0
5,49,J-0022,0
5,50,J-0023,0
5,51,J-0024,0
5,52,J-0025,0
5,53,J-0026,0
5,54,J-0027,0
5,55,J-0028,0
5,56,J-0030,0
5,57,J-0031,0
5,58,J-0032,0
5,59,J-0033,0
5,60,J-0034,0
5,61,J-0035,0
5,62,J-0036,0
5,63,J-0037,0
5,64,J-0039,0
5,65,J-003A,0
5,66,J-0042,0
5,67,J-0043,0
5,68,J-0044,0
5,69,J-0045,0
5,70,J-0046,0
5,71,J-0048,0
5,72,J-0050,0
5,73,J-0052,0
5,74,J-0053,0
5,75,J-0054,0
5,76,J-0055,0
5,77,J-0056,0
5,78,J-0060,0
5,79,J-0061,0
5,80,J-0062,0
5,81,J-0063,0
5,82,J-0064,0
5,83,J-0065,0
5,84,J-0068,0
5,85,J-0069,0
5,86,J-0070,0
5,87,J-0071,0
5,88,J-0072,0
5,89,J-0074,0
5,90,J-0075,0
5,91,J-0076,0
5,92,J-0078,0
5,93,J-0079,0
5,94,J-0082,0
5,95,J-0083,0
5,96,J-0084,0
5,97,J-0085,0
5,98,J-0086,0
5,99,J-0087,0
5,100,J-0088,0
5,101,J-0091,0
5,102,J-0093,0
5,103,J-0094,0
5,104,J-0095,0
5,105,J-0096,0
5,106,J-0097,0
5,107,J-0098,0
5,108,J-0099,0
5,109,J-009A,0
5,110,J-0100,0
5,111,J-0101,0
5,112,J-0104,0
5,113,J-0108,0
5,114,J-0110,0
5,115,J-0116,0
5,116,J-011A,0
5,117,J-0121,0
5,118,J-0122,0
5,119,J-0123,0
5,120,J-0124,0
5,121,J-0125,0
5,122,J-0126,0
5,123,J-0127,0
5,124,J-0128,0
5,125,J-0129,0
5,126,J-0130,0
5,127,J-0131,0
5,128,J-0132,0
5,129,J-0133,0
5,130,J-0134,0
5,131,J-0135,0
5,132,J-0137,0
5,133,J-0138,0
5,134,J-0139,0
5,135,J-0140,0
5,136,J-0141,0
5,137,J-0142,0
5,138,J-0144,0
5,139,J-0145,0
5,140,J-0146,0
5,141,J-0147,0
5,142,J-0149,0
5,143,J-0151,0
5,144,J-0152,0
5,145,J-0153,0
5,146,J-0155,0
5,147,J-0156,0
5,148,J-0158,0
5,149,J-020A,0
5,150,J-020B,0
5,151,J-020C,0
5,152,J-020D,0
5,153,J-020E,0
5,154,J-026A,0
5,155,J-031A,0
5,156,J-032A,0
5,157,J-032B,0
5,158,J-040A,0
5,159,J-0516,0
5,160,J-056A,0
5,161,J-098A,0
5,162,J-100A,0
5,163,J-100B,0
5,164,J-100C,0
5,165,J-116A,0
5,166,J-117A,0
5,167,J-128A,0
5,168,J-139A,0
5,169,J-140A,0
5,170,J-141A,0
5,171,J-141B,0
5,172,J-141C,0
5,173,J-503,0
5,174,J-514,0
5,175,M-0002,0
5,176,M-0003,0
5,177,M-0004,0
5,178,M-0005,0
5,179,M-0010,0
5,180,M-0011,0
5,181,M-0012,0
5,182,M-0013,0
5,183,M-0014,0
5,184,M-0015,0
5,185,M-0016,0
5,186,M-0017,0
5,187,M-0019,0
5,188,M-0020,0
5,189,M-0022,0
5,190,M-0023,0
5,191,M-0024,0
5,192,M-0025,0
5,193,M-0026,0
5,194,M-0027,0
5,195,M-0028,0
5,196,M-0029,0
5,197,M-0030,0
5,198,M-0031,0
5,199,M-0032,0
5,200,M-0033,0
5,201,M-0034,0
5,202,M-0035,0
5,203,M-0036,0
5,204,M-0037,0
5,205,M-0038,0
5,206,M-0039,0
5,207,M-0040,0
5,208,M-0041,0
5,209,M-0042,0
5,210,M-0043,0
5,211,M-0044,0
5,212,M-0045,0
5,213,M-0046,0
5,214,M-0047,0
5,215,M-0048,0
5,216,M-0049,0
5,217,M-0050,0
5,218,M-0051,0
5,219,M-0052,0
5,220,M-0054,0
5,221,M-0055,0
5,222,M-0056,0
5,223,M-0057,0
5,224,M-0058,0
5,225,M-0059,0
5,226,M-0060,0
5,227,M-0061,0
5,228,M-0062,0
5,229,M-0063,0
5,230,M-0065,0
5,231,M-0066,0
5,232,M-0067,0
5,233,M-0068,0
5,234,M-0069,0
5,235,M-0072,0
5,236,M-0073,0
5,237,M-0074,0
5,238,M-0075,0
5,239,M-0076,0
5,240,M-0077,0
5,241,M-0078,0
5,242,M-0079,0
5,243,M-0082,0
5,244,M-0084,0
5,245,M-0085,0
5,246,M-0086,0
5,247,M-0087,0
5,248,M-0089,0
5,249,M-008A,0
5,250,M-008B,0
5,251,M-009,0
5,252,M-0090,0
5,253,M-0091,0
5,254,M-0092,0
5,255,M-0093,0
5,256,M-0094,0
5,257,M-0095,0
5,258,M-0096,0
5,259,M-0097,0
5,260,M-0098,0
5,261,M-0099,0
5,262,M-0100,0
5,263,M-0101,0
5,264,M-0102,0
5,265,M-0103,0
5,266,M-0104,0
5,267,M-0105,0
5,268,M-0106,0
5,269,M-0107,0
5,270,M-0108,0
5,271,M-0109,0
5,272,M-010A,0
5,273,M-010B,0
5,274,M-0110,0
5,275,M-0111,0
5,276,M-0112,0
5,277,M-0113,0
5,278,M-0114,0
5,279,M-0115,0
5,280,M-0116,0
5,281,M-0117,0
5,282,M-0118,0
5,283,M-0120,0
5,284,M-0122,0
5,285,M-0123,0
5,286,M-0124,0
5,287,M-0125,0
5,288,M-0126,0
5,289,M-0127,0
5,290,M-0128,0
5,291,M-0130,0
5,292,M-0131,0
5,293,M-0132,0
5,294,M-0133,0
5,295,M-0134,0
5,296,M-0135,0
5,297,M-0136,0
5,298,M-0137,0
5,299,M-0138,0
5,300,M-0139,0
5,301,M-0140,0
5,302,M-0141,0
5,303,M-0142,0
5,304,M-0143,0
5,305,M-0144,0
5,306,M-0145,0
5,307,M-0146,0
5,308,M-0147,0
5,309,M-0148,0
5,310,M-0149,0
5,311,M-0150,0
5,312,M-0151,0
5,313,M-0152,0
5,314,M-0153,0
5,315,M-0154,0
5,316,M-0155,0
5,317,M-0156,0
5,318,M-0157,0
5,319,M-0158,0
5,320,M-0159,0
5,321,M-0160,0
5,322,M-0161,0
5,323,M-0162,0
5,324,M-0163,0
5,325,M-0164,0
5,326,M-0165,0
5,327,M-0166,0
5,328,M-0167,0
5,329,M-0168,0
5,330,M-0169,0
5,331,M-0170,0
5,332,M-0171,0
5,333,M-0172,0
5,334,M-0173,0
5,335,M-0174,0
5,336,M-0175,0
5,337,M-0176,0
5,338,M-0177,0
5,339,M-0178,0
5,340,M-0179,0
5,341,M-017A,0
5,342,M-017B,0
5,343,M-017C,0
5,344,M-0183,0
5,345,M-0184,0
5,346,M-0185,0
5,347,M-0186,0
5,348,M-0187,0
5,349,M-0188,0
5,350,M-0189,0
5,351,M-0190,0
5,352,M-0191,0
5,353,M-0192,0
5,354,M-0193,0
5,355,M-0194,0
5,356,M-0195,0
5,357,M-0197,0
5,358,M-0202,0
5,359,M-0203,0
5,360,M-0204,0
5,361,M-0205,0
5,362,M-0206,0
5,363,M-0207,0
5,364,M-0208,0
5,365,M-0209,0
5,366,M-020A,0
5,367,M-0210,0
5,368,M-0211,0
5,369,M-0212,0
5,370,M-0213,0
5,371,M-0214,0
5,372,M-0215,0
5,373,M-0216,0
5,374,M-022A,0
5,375,M-023A,0
5,376,M-030A,0
5,377,M-036A,0
5,378,M-037A,0
5,379,M-044A,0
5,380,M-048A,0
5,381,M-054A,0
5,382,M-054B,0
5,383,M-056A,0
5,384,M-058A,0
5,385,M-058B,0
5,386,M-066A,0
5,387,M-067A,0
5,388,M-068A,0
5,389,M-069A,0
5,390,M-084A,0
5,391,M-085A,0
5,392,M-085B,0
5,393,M-086A,0
5,394,M-089A,0
5,395,M-187A,0
5,396,M-187B,0
5,397,ME-0001,0
5,398,ME-0002,0
5,399,ME-0006,0
5,400,ME-0007,0
5,401,ME-0008,0
5,402,ME-0009,0
5,403,ME-0012,0
5,404,ME-0013,0
5,405,ME-0014,0
5,406,ME-0017,0
5,407,ME-0018,0
5,408,ME-0020,0
5,409,ME-0021,0
5,410,ME-0022,0
5,411,ME-0023,0
5,412,ME-0025,0
5,413,ME-0026,0
5,414,ME-0027,0
5,415,ME-0028,0
5,416,ME-0029,0
5,417,ME-0030,0
5,418,ME-0031,0
5,419,ME-0032,0
5,420,ME-0033,0
5,421,ME-015A,0
5,422,ME-016A,0
5,423,ME-016B,0
5,424,ME-016D,0
5,425,ME-019B,0
5,426,ME-019C,0
5,427,N-0002,0
5,428,N-0006,0
5,429,N-0008,0
5,430,N-0011,0
5,431,N-0013,0
5,432,N-0014,0
5,433,N-0020,0
5,434,N-0021,0
5,435,N-0022,0
5,436,N-0024,0
5,437,N-0025,0
5,438,N-0027,0
5,439,N-0030,0
5,440,N-0032,0
5,441,N-0034,0
5,442,N-0035,0
5,443,N-0037,0
5,444,N-0038,0
5,445,N-0040,0
5,446,N-0042,0
5,447,N-0043,0
5,448,N-0044,0
5,449,N-0045,0
5,450,N-0046,0
5,451,N-0047,0
5,452,N-0049,0
5,453,N-0050,0
5,454,N-0051,0
5,455,N-0053,0
5,456,N-0059,0
5,457,N-0060,0
5,458,N-0061,0
5,459,N-0062,0
5,460,N-0076,0
5,461,N-0078,0
5,462,N-0086,0
5,463,N-0088,0
5,464,N-0091,0
5,465,N-0098,0
5,466,N-0101,0
5,467,N-0103,0
5,468,N-0105,0
5,469,N-0108,0
5,470,N-0109,0
5,471,N-0110,0
5,472,N-0112,0
5,473,N-0117,0
5,474,N-0118,0
5,475,N-0120,0
5,476,N-0121,0
5,477,N-0122,0
5,478,N-0123,0
5,479,N-0124,0
5,480,N-0128,0
5,481,N-0129,0
5,482,N-0131,0
5,483,N-0132,0
5,484,N-0133,0
5,485,N-0134,0
5,486,N-0136,0
5,487,N-0137,0
5,488,N-0138,0
5,489,N-0139,0
5,490,N-0140,0
5,491,N-0141,0
5,492,N-0143,0
5,493,N-0144,0
5,494,N-0145,0
5,495,N-0146,0
5,496,N-0147,0
5,497,N-0148,0
5,498,N-0149,0
5,499,N-0150,0
5,500,W-0002,0
5,501,W-0003,0
5,502,W-0004,0
5,503,W-0005,0
5,504,W-0007,0
5,505,W-0009,0
5,506,W-0010,0
5,507,W-0011,0
5,508,W-0013,0
5,509,W-0014,0
5,510,W-0015,0
5,511,W-0016,0
5,512,W-0017,0
5,513,W-0018,0
5,514,W-0020,0
5,515,W-0021,0
5,516,W-0022,0
5,517,W-0023,0
5,518,W-0024,0
5,519,W-0026,0
5,520,W-0028,0
5,521,W-0029,0
5,522,W-0030,0
5,523,W-0032,0
5,524,W-0033,0
5,525,W-0034,0
5,526,W-0035,0
5,527,W-0039,0
5,528,W-0040,0
5,529,W-0041,0
5,530,W-0042,0
5,531,W-0044,0
5,532,W-0045,0
5,533,W-0046,0
5,534,W-0047,0
5,535,W-0050,0
5,536,W-0051,0
5,537,W-0052,0
5,538,W-0053,0
5,539,W-0054,0
5,540,W-0055,0
5,541,W-0056,0
5,542,W-0057,0
5,543,W-0058,0
5,544,W-0059,0
5,545,W-0060,0
5,546,W-0062,0
5,547,W-0063,0
5,548,W-0064,0
5,549,W-0065,0
5,550,W-0066,0
5,551,W-0067,0
5,552,W-0068,0
5,553,W-0069,0
5,554,W-0070,0
5,555,W-0071,0
5,556,W-0075,0
5,557,W-0076,0
5,558,W-0077,0
5,559,W-0080,0
5,560,W-0082,0
5,561,W-0083,0
5,562,W-0084,0
5,563,W-0085,0
5,564,W-0086,0
5,565,W-0087,0
5,566,W-0088,0
5,567,W-0089,0
5,568,W-0090,0
5,569,W-0091,0
5,570,W-0092,0
5,571,W-0093,0
5,572,W-0094,0
5,573,W-0095,0
5,574,W-0099,0
5,575,W-0101,0
5,576,W-0102,0
5,577,W-0103,0
5,578,W-0104,0
5,579,W-0107,0
5,580,W-0108,0
5,581,W-0109,0
5,582,W-0110,0
5,583,W-0111,0
5,584,W-0112,0
5,585,W-0113,0
5,586,W-0114,0
5,587,W-0116,0
5,588,W-0117,0
5,589,W-0118,0
5,590,W-0123,0
5,591,W-0124,0
5,592,W-0125,0
5,593,W-0126,0
5,594,W-0127,0
5,595,W-057A,0
5,596,W-070A,0
5,597,W-074A,0
5,598,E-0005,0
5,599,E-0009,0
5,600,E-0011,0
5,601,E-0013,0
5,602,E-0017,0
5,603,E-0025,0
5,604,E-0027,0
5,605,E-0032,0
5,606,E-0043,0
5,607,E-0051,0
5,608,E-0073,0
5,609,E-0076,0
5,610,E-0079,0
5,611,E-0095,0
5,612,E-0096,0
5,613,E-0103,0
5,614,E-0106,0
5,615,E-0107,0
5,616,E-0108,0
5,617,E-0115,0
5,618,E-0116,0
5,619,E-0117,0
5,620,E-0123,0
5,621,E-0124,0
5,622,E-0125,0
5,623,E-0128,0
5,624,E-0144,0
5,625,E-0145,0
5,626,E-0149,0
5,627,E-0150,0
5,628,E-0151,0
5,629,E-0153,0
5,630,E-0154,0
5,631,J-0002,0
5,632,J-0003,0
5,633,J-0005,0
5,634,J-0007,0
5,635,J-0008,0
5,636,J-0009,0
5,637,J-0011,0
5,638,J-0012,0
5,639,J-0013,0
5,640,J-0014,0
5,641,J-0016,0
5,642,J-0017,0
5,643,J-0018,0
5,644,J-0019,0
5,645,J-0021,0
5,646,J-0022,0
5,647,J-0023,0
5,648,J-0024,0
5,649,J-0025,0
5,650,J-0026,0
5,651,J-0027,0
5,652,J-0028,0
5,653,J-0030,0
5,654,J-0031,0
5,655,J-0032,0
5,656,J-0033,0
5,657,J-0034,0
5,658,J-0035,0
5,659,J-0036,0
5,660,J-0037,0
5,661,J-0039,0
5,662,J-003A,0
5,663,J-0042,0
5,664,J-0043,0
5,665,J-0044,0
5,666,J-0045,0
5,667,J-0046,0
5,668,J-0048,0
5,669,J-0050,0
5,670,J-0052,0
5,671,J-0053,0
5,672,J-0054,0
5,673,J-0055,0
5,674,J-0056,0
5,675,J-0060,0
5,676,J-0061,0
5,677,J-0062,0
5,678,J-0063,0
5,679,J-0064,0
5,680,J-0065,0
5,681,J-0068,0
5,682,J-0069,0
5,683,J-0070,0
5,684,J-0071,0
5,685,J-0072,0
5,686,J-0074,0
5,687,J-0075,0
5,688,J-0076,0
5,689,J-0078,0
5,690,J-0079,0
5,691,J-0082,0
5,692,J-0083,0
5,693,J-0084,0
5,694,J-0085,0
5,695,J-0086,0
5,696,J-0087,0
5,697,J-0088,0
5,698,J-0091,0
5,699,J-0093,0
5,700,J-0094,0
5,701,J-0095,0
5,702,J-0096,0
5,703,J-0097,0
5,704,J-0098,0
5,705,J-0099,0
5,706,J-009A,0
5,707,J-0100,0
5,708,J-0101,0
5,709,J-0104,0
5,710,J-0108,0
5,711,J-0110,0
5,712,J-0116,0
5,713,J-011A,0
5,714,J-0121,0
5,715,J-0122,0
5,716,J-0123,0
5,717,J-0124,0
5,718,J-0125,0
5,719,J-0126,0
5,720,J-0127,0
5,721,J-0128,0
5,722,J-0129,0
5,723,J-0130,0
5,724,J-0131,0
5,725,J-0132,0
5,726,J-0133,0
5,727,J-0134,0
5,728,J-0135,0
5,729,J-0137,0
5,730,J-0138,0
5,731,J-0139,0
5,732,J-0140,0
5,733,J-0141,0
5,734,J-0142,0
5,735,J-0144,0
5,736,J-0145,0
5,737,J-0146,0
5,738,J-0147,0
5,739,J-0149,0
5,740,J-0151,0
5,741,J-0152,0
5,742,J-0153,0
5,743,J-0155,0
5,744,J-0156,0
5,745,J-0158,0
5,746,J-020A,0
5,747,J-020B,0
5,748,J-020C,0
5,749,J-020D,0
5,750,J-020E,0
5,751,J-026A,0
5,752,J-031A,0
5,753,J-032A,0
5,754,J-032B,0
5,755,J-040A,0
5,756,J-0516,0
5,757,J-056A,0
5,758,J-098A,0
5,759,J-100A,0
5,760,J-100B,0
5,761,J-100C,0
5,762,J-116A,0
5,763,J-117A,0
5,764,J-128A,0
5,765,J-139A,0
5,766,J-140A,0
5,767,J-141A,0
5,768,J-141B,0
5,769,J-141C,0
5,770,J-503,0
5,771,J-514,0
5,772,M-0002,0
5,773,M-0003,0
5,774,M-0004,0
5,775,M-0005,0
5,776,M-0010,0
5,777,M-0011,0
5,778,M-0012,0
5,779,M-0013,0
5,780,M-0014,0
5,781,M-0015,0
5,782,M-0016,0
5,783,M-0017,0
5,784,M-0019,0
5,785,M-0020,0
5,786,M-0022,0
5,787,M-0023,0
5,788,M-0024,0
5,789,M-0025,0
5,790,M-0026,0
5,791,M-0027,0
5,792,M-0028,0
5,793,M-0029,0
5,794,M-0030,0
5,795,M-0031,0
5,796,M-0032,0
5,797,M-0033,0
5,798,M-0034,0
5,799,M-0035,0
5,800,M-0036,0
5,801,M-0037,0
5,802,M-0038,0
5,803,M-0039,0
5,804,M-0040,0
5,805,M-0041,0
5,806,M-0042,0
5,807,M-0043,0
5,808,M-0044,0
5,809,M-0045,0
5,810,M-0046,0
5,811,M-0047,0
5,812,M-0048,0
5,813,M-0049,0
5,814,M-0050,0
5,815,M-0051,0
5,816,M-0052,0
5,817,M-0054,0
5,818,M-0055,0
5,819,M-0056,0
5,820,M-0057,0
5,821,M-0058,0
5,822,M-0059,0
5,823,M-0060,0
5,824,M-0061,0
5,825,M-0062,0
5,826,M-0063,0
5,827,M-0065,0
5,828,M-0066,0
5,829,M-0067,0
5,830,M-0068,0
5,831,M-0069,0
5,832,M-0072,0
5,833,M-0073,0
5,834,M-0074,0
5,835,M-0075,0
5,836,M-0076,0
5,837,M-0077,0
5,838,M-0078,0
5,839,M-0079,0
5,840,M-0082,0
5,841,M-0084,0
5,842,M-0085,0
5,843,M-0086,0
5,844,M-0087,0
5,845,M-0089,0
5,846,M-008A,0
5,847,M-008B,0
5,848,M-009,0
5,849,M-0090,0
5,850,M-0091,0
5,851,M-0092,0
5,852,M-0093,0
5,853,M-0094,0
5,854,M-0095,0
5,855,M-0096,0
5,856,M-0097,0
5,857,M-0098,0
5,858,M-0099,0
5,859,M-0100,0
5,860,M-0101,0
5,861,M-0102,0
5,862,M-0103,0
5,863,M-0104,0
5,864,M-0105,0
5,865,M-0106,0
5,866,M-0107,0
5,867,M-0108,0
5,868,M-0109,0
5,869,M-010A,0
5,870,M-010B,0
5,871,M-0110,0
5,872,M-0111,0
5,873,M-0112,0
5,874,M-0113,0
5,875,M-0114,0
5,876,M-0115,0
5,877,M-0116,0
5,878,M-0117,0
5,879,M-0118,0
5,880,M-0120,0
5,881,M-0122,0
5,882,M-0123,0
5,883,M-0124,0
5,884,M-0125,0
5,885,M-0126,0
5,886,M-0127,0
5,887,M-0128,0
5,888,M-0130,0
5,889,M-0131,0
5,890,M-0132,0
5,891,M-0133,0
5,892,M-0134,0
5,893,M-0135,0
5,894,M-0136,0
5,895,M-0137,0
5,896,M-0138,0
5,897,M-0139,0
5,898,M-0140,0
5,899,M-0141,0
5,900,M-0142,0
5,901,M-0143,0
5,902,M-0144,0
5,903,M-0145,0
5,904,M-0146,0
5,905,M-0147,0
5,906,M-0148,0
5,907,M-0149,0
5,908,M-0150,0
5,909,M-0151,0
5,910,M-0152,0
5,911,M-0153,0
5,912,M-0154,0
5,913,M-0155,0
5,914,M-0156,0
5,915,M-0157,0
5,916,M-0158,0
5,917,M-0159,0
5,918,M-0160,0
5,919,M-0161,0
5,920,M-0162,0
5,921,M-0163,0
5,922,M-0164,0
5,923,M-0165,0
5,924,M-0166,0
5,925,M-0167,0
5,926,M-0168,0
5,927,M-0169,0
5,928,M-0170,0
5,929,M-0171,0
5,930,M-0172,0
5,931,M-0173,0
5,932,M-0174,0
5,933,M-0175,0
5,934,M-0176,0
5,935,M-0177,0
5,936,M-0178,0
5,937,M-0179,0
5,938,M-017A,0
5,939,M-017B,0
5,940,M-017C,0
5,941,M-0183,0
5,942,M-0184,0
5,943,M-0185,0
5,944,M-0186,0
5,945,M-0187,0
5,946,M-0188,0
5,947,M-0189,0
5,948,M-0190,0
5,949,M-0191,0
5,950,M-0192,0
5,951,M-0193,0
5,952,M-0194,0
5,953,M-0195,0
5,954,M-0197,0
5,955,M-0202,0
5,956,M-0203,0
5,957,M-0204,0
5,958,M-0205,0
5,959,M-0206,0
5,960,M-0207,0
5,961,M-0208,0
5,962,M-0209,0
5,963,M-020A,0
5,964,M-0210,0
5,965,M-0211,0
5,966,M-0212,0
5,967,M-0213,0
5,968,M-0214,0
5,969,M-0215,0
5,970,M-0216,0
5,971,M-022A,0
5,972,M-023A,0
5,973,M-030A,0
5,974,M-036A,0
5,975,M-037A,0
5,976,M-044A,0
5,977,M-048A,0
5,978,M-054A,0
5,979,M-054B,0
5,980,M-056A,0
5,981,M-058A,0
5,982,M-058B,0
5,983,M-066A,0
5,984,M-067A,0
5,985,M-068A,0
5,986,M-069A,0
5,987,M-084A,0
5,988,M-085A,0
5,989,M-085B,0
5,990,M-086A,0
5,991,M-089A,0
5,992,M-187A,0
5,993,M-187B,0
5,994,ME-0001,0
5,995,ME-0002,0
5,996,ME-0006,0
5,997,ME-0007,0
5,998,ME-0008,0
5,999,ME-0009,0
5,1000,ME-0012,0
5,1001,ME-0013,0
5,1002,ME-0014,0
5,1003,ME-0017,0
5,1004,ME-0018,0
5,1005,ME-0020,0
5,1006,ME-0021,0
5,1007,ME-0022,0
5,1008,ME-0023,0
5,1009,ME-0025,0
5,1010,ME-0026,0
5,1011,ME-0027,0
5,1012,ME-0028,0
5,1013,ME-0029,0
5,1014,ME-0030,0
5,1015,ME-0031,0
5,1016,ME-0032,0
5,1017,ME-0033,0
5,1018,ME-015A,0
5,1019,ME-016A,0
5,1020,ME-016B,0
5,1021,ME-016D,0
5,1022,ME-019B,0
5,1023,ME-019C,0
5,1024,N-0002,0
5,1025,N-0006,0
5,1026,N-0008,0
5,1027,N-0011,0
5,1028,N-0013,0
5,1029,N-0014,0
5,1030,N-0020,0
5,1031,N-0021,0
5,1032,N-0022,0
5,1033,N-0024,0
5,1034,N-0025,0
5,1035,N-0027,0
5,1036,N-0030,0
5,1037,N-0032,0
5,1038,N-0034,0
5,1039,N-0035,0
5,1040,N-0037,0
5,1041,N-0038,0
5,1042,N-0040,0
5,1043,N-0042,0
5,1044,N-0043,0
5,1045,N-0044,0
5,1046,N-0045,0
5,1047,N-0046,0
5,1048,N-0047,0
5,1049,N-0049,0
5,1050,N-0050,0
5,1051,N-0051,0
5,1052,N-0053,0
5,1053,N-0059,0
5,1054,N-0060,0
5,1055,N-0061,0
5,1056,N-0062,0
5,1057,N-0076,0
5,1058,N-0078,0
5,1059,N-0086,0
5,1060,N-0088,0
5,1061,N-0091,0
5,1062,N-0098,0
5,1063,N-0101,0
5,1064,N-0103,0
5,1065,N-0105,0
5,1066,N-0108,0
5,1067,N-0109,0
5,1068,N-0110,0
5,1069,N-0112,0
5,1070,N-0117,0
5,1071,N-0118,0
5,1072,N-0120,0
5,1073,N-0121,0
5,1074,N-0122,0
5,1075,N-0123,0
5,1076,N-0124,0
5,1077,N-0128,0
5,1078,N-0129,0
5,1079,N-0131,0
5,1080,N-0132,0
5,1081,N-0133,0
5,1082,N-0134,0
5,1083,N-0136,0
5,1084,N-0137,0
5,1085,N-0138,0
5,1086,N-0139,0
5,1087,N-0140,0
5,1088,N-0141,0
5,1089,N-0143,0
5,1090,N-0144,0
5,1091,N-0145,0
5,1092,N-0146,0
5,1093,N-0147,0
5,1094,N-0148,0
5,1095,N-0149,0
5,1096,N-0150,0
5,1097,W-0002,0
5,1098,W-0003,0
5,1099,W-0004,0
5,1100,W-0005,0
5,1101,W-0007,0
5,1102,W-0009,0
5,1103,W-0010,0
5,1104,W-0011,0
5,1105,W-0013,0
5,1106,W-0014,0
5,1107,W-0015,0
5,1108,W-0016,0
5,1109,W-0017,0
5,1110,W-0018,0
5,1111,W-0020,0
5,1112,W-0021,0
5,1113,W-0022,0
5,1114,W-0023,0
5,1115,W-0024,0
5,1116,W-0026,0
5,1117,W-0028,0
5,1118,W-0029,0
5,1119,W-0030,0
5,1120,W-0032,0
5,1121,W-0033,0
5,1122,W-0034,0
5,1123,W-0035,0
5,1124,W-0039,0
5,1125,W-0040,0
5,1126,W-0041,0
5,1127,W-0042,0
5,1128,W-0044,0
5,1129,W-0045,0
5,1130,W-0046,0
5,1131,W-0047,0
5,1132,W-0050,0
5,1133,W-0051,0
5,1134,W-0052,0
5,1135,W-0053,0
5,1136,W-0054,0
5,1137,W-0055,0
5,1138,W-0056,0
5,1139,W-0057,0
5,1140,W-0058,0
5,1141,W-0059,0
5,1142,W-0060,0
5,1143,W-0062,0
5,1144,W-0063,0
5,1145,W-0064,0
5,1146,W-0065,0
5,1147,W-0066,0
5,1148,W-0067,0
5,1149,W-0068,0
5,1150,W-0069,0
5,1151,W-0070,0
5,1152,W-0071,0
5,1153,W-0075,0
5,1154,W-0076,0
5,1155,W-0077,0
5,1156,W-0080,0
5,1157,W-0082,0
5,1158,W-0083,0
5,1159,W-0084,0
5,1160,W-0085,0
5,1161,W-0086,0
5,1162,W-0087,0
5,1163,W-0088,0
5,1164,W-0089,0
5,1165,W-0090,0
5,1166,W-0091,0
5,1167,W-0092,0
5,1168,W-0093,0
5,1169,W-0094,0
5,1170,W-0095,0
5,1171,W-0099,0
5,1172,W-0101,0
5,1173,W-0102,0
5,1174,W-0103,0
5,1175,W-0104,0
5,1176,W-0107,0
5,1177,W-0108,0
5,1178,W-0109,0
5,1179,W-0110,0
5,1180,W-0111,0
5,1181,W-0112,0
5,1182,W-0113,0
5,1183,W-0114,0
5,1184,W-0116,0
5,1185,W-0117,0
5,1186,W-0118,0
5,1187,W-0123,0
5,1188,W-0124,0
5,1189,W-0125,0
5,1190,W-0126,0
5,1191,W-0127,0
5,1192,W-057A,0
5,1193,W-070A,0
5,1194,W-074A,0
